-1250,120 250,20 0,0,0
-1000,120 20,260 0,0,0
-980,360 1310,20 0,0,0
-800,90 220,20 0,0,0
-600,0 20,90 0,0,0
-600,-20 110,20 0,0,0
-490,-20 20,110 0,0,0
-490,90 170,20 0,0,0
-320,110 0,0 0,0,0
-320,-20 20,130 0,0,0
-300,-20 90,20 0,0,0
-210,-20 20,110 0,0,0
-210,90 150,20 0,0,0
-60,-20 20,130 0,0,0
-40,-20 110,20 0,0,0
50,0 20,90 0,0,0
50,90 130,20 0,0,0
310,200 20,160 0,0,0
310,180 470,20 0,0,0
-820,-570 20,680 0,0,0
-1270,-580 20,720 0,0,0
180,-80 20,190 0,0,0
200,-80 730,20 0,0,0
910,-60 20,630 0,0,0
330,360 200,20 0,0,0
440,550 470,20 0,0,0
220,380 20,660 0,0,0
420,550 20,490 0,0,0