-1150,300 30,120 0,0,0
-1150,420 180,20 0,0,0
-700,420 490,20 0,0,0
-230,70 20,350 0,0,0
-490,-60 20,370 0,0,0
-470,290 90,20 0,0,0
-330,160 100,20 0,0,0
-490,-80 600,20 0,0,0
-230,50 350,20 0,0,0
120,50 20,40 0,0,0
140,70 280,20 0,0,0
390,50 80,20 0,0,0
130,-300 340,30 0,0,0
450,-290 20,200 0,0,0
470,50 150,20 0,0,0
780,-1210 20,1490 0,0,0
610,280 190,20 0,0,0
580,280 30,160 0,0,0
-90,420 670,20 0,0,0
-230,440 20,170 0,0,0
-210,590 830,20 0,0,0
450,-90 20,140 0,0,0
-80,-200 20,120 0,0,0
-170,-200 90,20 0,0,0
-190,-780 20,700 0,0,0